289 256
-0.25  0.25  0
1  0  -0
1  -1  -0
0  -1  0
-1  0  0
-1  -1  0
-1  1  0
0  1  0
1  1  -0
1  0.5  -0
-1  -0.5  0
-1  0.5  0
0.375  0.125  -0
-0.5  1  0
1  -0.5  -0
-0.125  0.625  0
0.5  -1  -0
-0.5  -1  0
-0.125  -0.375  0
0.5  1  -0
-0.625  0.125  0
0.4375  0.5625  -0
-0.5625  0.5625  0
-0.5625  -0.4375  0
0.4375  -0.4375  -0
1  0.75  -0
-1  -0.75  0
-1  0.75  0
0.6875  0.0625  -0
-0.25  1  0
1  -0.75  -0
-0.0625  0.8125  0
0.25  -1  -0
-0.75  -1  0
-0.0625  -0.6875  0
0.75  1  -0
-0.8125  0.0625  0
1  0.25  -0
-1  -0.25  0
-1  0.25  0
0.0625  0.1875  -0
-0.75  1  0
1  -0.25  -0
-0.1875  0.4375  0
0.75  -1  -0
-0.25  -1  0
-0.1875  -0.0625  0
0.25  1  -0
-0.4375  0.1875  0
0.40625  0.34375  -0
0.46875  0.78125  -0
0.15625  0.59375  -0
0.71875  0.53125  -0
-0.59375  0.34375  0
-0.53125  0.78125  0
-0.78125  0.53125  0
-0.34375  0.59375  0
-0.53125  -0.71875  0
-0.59375  -0.15625  0
-0.78125  -0.46875  0
-0.34375  -0.40625  0
0.46875  -0.71875  -0
0.40625  -0.15625  -0
0.15625  -0.40625  -0
0.71875  -0.46875  -0
0.703125  -0.203125  -0
0.109375  -0.109375  -0
0.203125  -0.703125  -0
-0.390625  -0.109375  0
-0.796875  -0.203125  0
-0.765625  -0.734375  0
-0.296875  0.796875  0
-0.765625  0.765625  0
-0.796875  0.296875  0
0.734375  0.765625  -0
0.203125  0.796875  -0
0.109375  0.390625  -0
0.703125  0.296875  -0
-0.390625  0.390625  0
-0.296875  -0.703125  0
0.734375  -0.734375  -0
1  0.875  -0
-1  -0.875  0
-1  0.875  0
0.84375  0.03125  -0
-0.125  1  0
1  -0.875  -0
-0.03125  0.90625  0
0.125  -1  -0
-0.875  -1  0
-0.03125  -0.84375  0
0.875  1  -0
-0.90625  0.03125  0
1  0.375  -0
-1  -0.375  0
-1  0.375  0
0.21875  0.15625  -0
-0.625  1  0
1  -0.375  -0
-0.15625  0.53125  0
0.625  -1  -0
-0.375  -1  0
-0.15625  -0.21875  0
0.375  1  -0
-0.53125  0.15625  0
0.390625  0.234375  -0
0.453125  0.671875  -0
0.015625  0.609375  -0
0.578125  0.546875  -0
-0.609375  0.234375  0
-0.546875  0.671875  0
-0.890625  0.515625  0
-0.453125  0.578125  0
-0.515625  -0.859375  0
-0.578125  -0.296875  0
-0.890625  -0.484375  0
-0.453125  -0.421875  0
0.484375  -0.859375  -0
0.421875  -0.296875  -0
0.015625  -0.390625  -0
0.578125  -0.453125  -0
1  0.625  -0
-1  -0.625  0
-1  0.625  0
0.53125  0.09375  -0
-0.375  1  0
1  -0.625  -0
-0.09375  0.71875  0
0.375  -1  -0
-0.625  -1  0
-0.09375  -0.53125  0
0.625  1  -0
-0.71875  0.09375  0
1  0.125  -0
-1  -0.125  0
-1  0.125  0
-0.09375  0.21875  0
-0.875  1  0
1  -0.125  -0
-0.21875  0.34375  0
0.875  -1  -0
-0.125  -1  0
-0.21875  0.09375  0
0.125  1  -0
-0.34375  0.21875  0
0.421875  0.453125  -0
0.484375  0.890625  -0
0.296875  0.578125  -0
0.859375  0.515625  -0
-0.578125  0.453125  0
-0.515625  0.890625  0
-0.671875  0.546875  0
-0.234375  0.609375  0
-0.546875  -0.578125  0
-0.609375  -0.015625  0
-0.671875  -0.453125  0
-0.234375  -0.390625  0
0.453125  -0.578125  -0
0.390625  -0.015625  -0
0.296875  -0.421875  -0
0.859375  -0.484375  -0
0.710938  -0.335938  -0
0.695312  -0.070312  -0
0.554688  -0.179688  -0
0.851562  -0.226562  -0
0.132812  -0.257812  -0
0.085938  0.039062  -0
-0.039062  -0.085938  0
0.257812  -0.132812  -0
0.226562  -0.851562  -0
0.179688  -0.554688  -0
0.070312  -0.695312  -0
0.335938  -0.710938  -0
-0.367188  -0.257812  0
-0.414062  0.039062  0
-0.492188  -0.132812  0
-0.289062  -0.085938  0
-0.789062  -0.335938  0
-0.804688  -0.070312  0
-0.898438  -0.226562  0
-0.695312  -0.179688  0
-0.757812  -0.867188  0
-0.773438  -0.601562  0
-0.882812  -0.742188  0
-0.648438  -0.726562  0
-0.320312  0.695312  0
-0.273438  0.898438  0
-0.414062  0.789062  0
-0.179688  0.804688  0
-0.773438  0.648438  0
-0.757812  0.882812  0
-0.882812  0.757812  0
-0.648438  0.773438  0
-0.804688  0.179688  0
-0.789062  0.414062  0
-0.898438  0.273438  0
-0.695312  0.320312  0
0.726562  0.648438  -0
0.742188  0.882812  -0
0.601562  0.773438  -0
0.867188  0.757812  -0
0.179688  0.695312  -0
0.226562  0.898438  -0
0.070312  0.804688  -0
0.335938  0.789062  -0
0.085938  0.289062  -0
0.132812  0.492188  -0
-0.039062  0.414062  0
0.257812  0.367188  -0
0.695312  0.179688  -0
0.710938  0.414062  -0
0.554688  0.320312  -0
0.851562  0.273438  -0
-0.414062  0.289062  0
-0.367188  0.492188  0
-0.492188  0.367188  0
-0.289062  0.414062  0
-0.273438  -0.851562  0
-0.320312  -0.554688  0
-0.414062  -0.710938  0
-0.179688  -0.695312  0
0.742188  -0.867188  -0
0.726562  -0.601562  -0
0.601562  -0.726562  -0
0.867188  -0.742188  -0
0.863281  -0.613281  -0
0.589844  -0.589844  -0
0.613281  -0.863281  -0
-0.207031  -0.542969  0
-0.433594  -0.566406  0
-0.394531  -0.855469  0
-0.261719  0.511719  0
-0.472656  0.472656  0
-0.511719  0.261719  0
0.855469  0.394531  -0
0.566406  0.433594  -0
0.542969  0.207031  -0
0.277344  0.472656  -0
-0.011719  0.511719  0
-0.066406  0.316406  0
0.355469  0.894531  -0
0.097656  0.902344  -0
0.042969  0.707031  -0
0.871094  0.878906  -0
0.613281  0.886719  -0
0.589844  0.660156  -0
-0.683594  0.433594  0
-0.894531  0.394531  0
-0.902344  0.152344  0
-0.636719  0.886719  0
-0.878906  0.878906  0
-0.886719  0.636719  0
-0.152344  0.902344  0
-0.394531  0.894531  0
-0.433594  0.683594  0
-0.660156  -0.589844  0
-0.886719  -0.613281  0
-0.878906  -0.871094  0
-0.707031  -0.042969  0
-0.902344  -0.097656  0
-0.894531  -0.355469  0
-0.316406  0.066406  0
-0.511719  0.011719  0
-0.472656  -0.277344  0
0.316406  -0.566406  -0
0.042969  -0.542969  -0
0.097656  -0.847656  -0
0.238281  0.011719  -0
-0.066406  0.066406  0
-0.011719  -0.238281  0
0.847656  -0.097656  -0
0.542969  -0.042969  -0
0.566406  -0.316406  -0
0.855469  -0.355469  -0
0.277344  -0.277344  -0
0.355469  -0.855469  -0
-0.261719  -0.238281  0
-0.683594  -0.316406  0
-0.636719  -0.863281  0
-0.207031  0.707031  0
-0.660156  0.660156  0
-0.707031  0.207031  0
0.863281  0.636719  -0
0.316406  0.683594  -0
0.238281  0.261719  -0
0.847656  0.152344  -0
-0.316406  0.316406  0
-0.152344  -0.847656  0
0.871094  -0.871094  -0
288  86  2  140  
287  90  3  141  
286  139  0  144  
285  133  1  84  
284  105  12  96  
283  106  21  147  
282  121  9  148  
281  109  20  132  
280  110  22  151  
279  127  15  152  
278  113  17  129  
277  114  23  155  
276  102  18  156  
275  117  16  128  
274  118  24  159  
273  98  14  160  
272  161  64  120  
271  162  65  163  
270  138  42  164  
269  165  63  119  
268  166  66  167  
267  158  62  168  
266  169  32  88  
265  170  67  171  
264  157  61  172  
263  173  60  116  
262  174  68  175  
261  142  46  176  
260  177  59  115  
259  178  69  179  
258  154  58  180  
257  181  33  89  
256  182  70  183  
255  153  57  184  
254  185  56  112  
253  186  71  187  
252  87  31  188  
251  189  55  111  
250  190  72  191  
249  150  54  192  
248  193  36  92  
247  194  73  195  
246  149  53  196  
245  197  52  108  
244  198  74  199  
243  81  25  200  
242  201  51  107  
241  202  75  203  
240  146  50  204  
239  205  40  136  
238  206  76  207  
237  145  49  208  
236  209  28  124  
235  210  77  211  
234  93  37  212  
233  213  48  104  
232  214  78  215  
231  99  43  216  
230  217  45  101  
229  218  79  219  
228  130  34  220  
227  221  44  100  
226  222  80  223  
225  126  30  224  
222  225  224  80  
64  160  225  222  
160  14  126  225  
157  226  223  61  
24  120  226  157  
120  64  222  226  
117  227  100  16  
61  223  227  117  
223  80  221  227  
218  228  220  79  
60  156  228  218  
156  18  130  228  
153  229  219  57  
23  116  229  153  
116  60  218  229  
113  230  101  17  
57  219  230  113  
219  79  217  230  
214  231  216  78  
56  152  231  214  
152  15  99  231  
149  232  215  53  
22  112  232  149  
112  56  214  232  
109  233  104  20  
53  215  233  109  
215  78  213  233  
210  234  212  77  
52  148  234  210  
148  9  93  234  
145  235  211  49  
21  108  235  145  
108  52  210  235  
105  236  124  12  
49  211  236  105  
211  77  209  236  
206  237  208  76  
51  147  237  206  
147  21  145  237  
99  238  207  43  
15  107  238  99  
107  51  206  238  
139  239  136  0  
43  207  239  139  
207  76  205  239  
202  240  204  75  
47  103  240  202  
103  19  146  240  
87  241  203  31  
7  143  241  87  
143  47  202  241  
127  242  107  15  
31  203  242  127  
203  75  201  242  
198  243  200  74  
35  91  243  198  
91  8  81  243  
146  244  199  50  
19  131  244  146  
131  35  198  244  
106  245  108  21  
50  199  245  106  
199  74  197  245  
194  246  196  73  
55  151  246  194  
151  22  149  246  
95  247  195  39  
11  111  247  95  
111  55  194  247  
135  248  92  4  
39  195  248  135  
195  73  193  248  
190  249  192  72  
41  97  249  190  
97  13  150  249  
83  250  191  27  
6  137  250  83  
137  41  190  250  
123  251  111  11  
27  191  251  123  
191  72  189  251  
186  252  188  71  
29  85  252  186  
85  7  87  252  
150  253  187  54  
13  125  253  150  
125  29  186  253  
110  254  112  22  
54  187  254  110  
187  71  185  254  
182  255  184  70  
59  155  255  182  
155  23  153  255  
122  256  183  26  
10  115  256  122  
115  59  182  256  
82  257  89  5  
26  183  257  82  
183  70  181  257  
178  258  180  69  
36  132  258  178  
132  20  154  258  
134  259  179  38  
4  92  259  134  
92  36  178  259  
94  260  115  10  
38  179  260  94  
179  69  177  260  
174  261  176  68  
48  144  261  174  
144  0  142  261  
154  262  175  58  
20  104  262  154  
104  48  174  262  
114  263  116  23  
58  175  263  114  
175  68  173  263  
170  264  172  67  
63  159  264  170  
159  24  157  264  
130  265  171  34  
18  119  265  130  
119  63  170  265  
90  266  88  3  
34  171  266  90  
171  67  169  266  
166  267  168  66  
40  96  267  166  
96  12  158  267  
142  268  167  46  
0  136  268  142  
136  40  166  268  
102  269  119  18  
46  167  269  102  
167  66  165  269  
162  270  164  65  
28  84  270  162  
84  1  138  270  
158  271  163  62  
12  124  271  158  
124  28  162  271  
118  272  120  24  
62  163  272  118  
163  65  161  272  
161  273  160  64  
65  164  273  161  
164  42  98  273  
165  274  159  63  
66  168  274  165  
168  62  118  274  
169  275  128  32  
67  172  275  169  
172  61  117  275  
173  276  156  60  
68  176  276  173  
176  46  102  276  
177  277  155  59  
69  180  277  177  
180  58  114  277  
181  278  129  33  
70  184  278  181  
184  57  113  278  
185  279  152  56  
71  188  279  185  
188  31  127  279  
189  280  151  55  
72  192  280  189  
192  54  110  280  
193  281  132  36  
73  196  281  193  
196  53  109  281  
197  282  148  52  
74  200  282  197  
200  25  121  282  
201  283  147  51  
75  204  283  201  
204  50  106  283  
205  284  96  40  
76  208  284  205  
208  49  105  284  
209  285  84  28  
77  212  285  209  
212  37  133  285  
213  286  144  48  
78  216  286  213  
216  43  139  286  
217  287  141  45  
79  220  287  217  
220  34  90  287  
221  288  140  44  
80  224  288  221  
224  30  86  288