25 16
-0.25  0.25  0
1  0  -0
1  -1  -0
0  -1  0
-1  0  0
-1  -1  0
-1  1  0
0  1  0
1  1  -0
1  0.5  -0
-1  -0.5  0
-1  0.5  0
0.375  0.125  -0
-0.5  1  0
1  -0.5  -0
-0.125  0.625  0
0.5  -1  -0
-0.5  -1  0
-0.125  -0.375  0
0.5  1  -0
-0.625  0.125  0
0.4375  0.5625  -0
-0.5625  0.5625  0
-0.5625  -0.4375  0
0.4375  -0.4375  -0
24  14  2  16  
23  18  3  17  
22  15  0  20  
21  9  1  12  
15  21  12  0  
7  19  21  15  
19  8  9  21  
11  22  20  4  
6  13  22  11  
13  7  15  22  
10  23  17  5  
4  20  23  10  
20  0  18  23  
18  24  16  3  
0  12  24  18  
12  1  14  24  
