49 36
-0.2500000000  -0.2500000000  0.0000000000
1.2500000000  -0.2500000000  0.0000000000
-0.2500000000  1.2500000000  0.0000000000
1.2500000000  1.2500000000  0.0000000000
-0.0000000000  -0.2500000000  0.0000000000
0.2500000000  -0.2500000000  0.0000000000
0.5000000000  -0.2500000000  0.0000000000
0.7500000000  -0.2500000000  0.0000000000
1.0000000000  -0.2500000000  0.0000000000
1.2500000000  -0.0000000000  0.0000000000
1.2500000000  0.2500000000  0.0000000000
1.2500000000  0.5000000000  0.0000000000
1.2500000000  0.7500000000  0.0000000000
1.2500000000  1.0000000000  0.0000000000
1.0000000000  1.2500000000  0.0000000000
0.7500000000  1.2500000000  0.0000000000
0.5000000000  1.2500000000  0.0000000000
0.2500000000  1.2500000000  0.0000000000
0.0000000000  1.2500000000  0.0000000000
-0.2500000000  1.0000000000  0.0000000000
-0.2500000000  0.7500000000  0.0000000000
-0.2500000000  0.5000000000  0.0000000000
-0.2500000000  0.2500000000  0.0000000000
-0.2500000000  0.0000000000  0.0000000000
-0.0000000000  0.0000000000  0.0000000000
-0.0000000000  0.2500000000  0.0000000000
-0.0000000000  0.5000000000  0.0000000000
0.0000000000  0.7500000000  0.0000000000
0.0000000000  1.0000000000  0.0000000000
0.2500000000  0.0000000000  0.0000000000
0.2500000000  0.2500000000  0.0000000000
0.2500000000  0.5000000000  0.0000000000
0.2500000000  0.7500000000  0.0000000000
0.2500000000  1.0000000000  0.0000000000
0.5000000000  -0.0000000000  0.0000000000
0.5000000000  0.2500000000  0.0000000000
0.5000000000  0.5000000000  0.0000000000
0.5000000000  0.7500000000  0.0000000000
0.5000000000  1.0000000000  0.0000000000
0.7500000000  -0.0000000000  0.0000000000
0.7500000000  0.2500000000  0.0000000000
0.7500000000  0.5000000000  0.0000000000
0.7500000000  0.7500000000  0.0000000000
0.7500000000  1.0000000000  0.0000000000
1.0000000000  -0.0000000000  0.0000000000
1.0000000000  0.2500000000  0.0000000000
1.0000000000  0.5000000000  0.0000000000
1.0000000000  0.7500000000  0.0000000000
1.0000000000  1.0000000000  0.0000000000
0  4  24  23  
23  24  25  22  
22  25  26  21  
21  26  27  20  
20  27  28  19  
19  28  18  2  
4  5  29  24  
24  29  30  25  
25  30  31  26  
26  31  32  27  
27  32  33  28  
28  33  17  18  
5  6  34  29  
29  34  35  30  
30  35  36  31  
31  36  37  32  
32  37  38  33  
33  38  16  17  
6  7  39  34  
34  39  40  35  
35  40  41  36  
36  41  42  37  
37  42  43  38  
38  43  15  16  
7  8  44  39  
39  44  45  40  
40  45  46  41  
41  46  47  42  
42  47  48  43  
43  48  14  15  
8  1  9  44  
44  9  10  45  
45  10  11  46  
46  11  12  47  
47  12  13  48  
48  13  3  14  
